60
2 1 3 13 0 9 10 3 0
3 2 3 5 0 2 19 2 0
1 3 5 6 0 1 2 1 0
3 4 7 9 0 4 11 3 0
3 5 8 10 0 10 10 2 0
2 6 14 5 0 3 6 2 0
2 7 17 3 0 2 15 1 0
2 8 19 15 0 3 7 3 0
3 9 22 7 0 4 14 1 0
1 10 24 9 0 2 11 3 0
3 11 30 3 0 7 14 1 0
1 12 36 7 0 9 14 1 0
2 13 37 2 1 5 20 3 0
1 14 55 8 0 8 14 3 0
1 15 56 14 0 2 7 2 0
2 16 57 11 0 8 25 3 0
2 17 67 5 0 6 17 2 0
2 18 67 8 0 7 25 2 0
1 19 69 4 0 8 22 2 0
3 20 70 12 0 4 1 1 0
3 21 74 10 0 1 20 3 0
3 22 79 9 0 1 7 1 0
3 23 80 7 0 4 9 1 0
2 24 98 3 0 10 10 3 0
1 25 100 7 0 9 16 3 0
1 26 104 1 0 4 4 1 0
3 27 106 15 0 9 22 2 0
2 28 107 15 0 5 7 2 0
1 29 123 3 0 2 18 1 0
2 30 124 1 0 4 8 3 0
3 31 135 9 0 5 9 3 0
3 32 141 6 0 7 13 3 0
2 33 145 3 0 8 13 2 0
2 34 146 9 0 5 25 3 0
2 35 147 9 0 8 20 3 0
2 36 149 8 0 5 10 3 0
1 37 153 5 0 8 14 2 0
1 38 154 4 0 8 6 3 0
1 39 155 15 0 7 8 3 0
3 40 157 3 0 4 4 1 0
1 41 160 1 0 8 9 1 0
3 42 164 4 0 4 3 3 0
1 43 168 15 0 8 3 3 0
3 44 176 14 0 4 13 3 0
1 45 177 11 0 5 8 1 0
2 46 186 12 0 2 3 2 0
2 47 192 8 0 7 19 2 0
1 48 197 1 0 3 10 3 0
2 49 203 13 0 5 20 3 0
3 50 208 6 0 5 10 3 0
2 51 208 13 0 10 22 3 0
3 52 209 2 1 7 8 2 0
2 53 209 5 0 3 1 1 0
2 54 210 15 0 9 10 2 0
1 55 219 11 0 1 21 2 0
2 56 220 1 0 8 14 1 0
3 57 224 8 0 9 17 2 0
2 58 231 2 1 10 7 2 0
3 59 239 1 0 7 18 3 0
3 60 246 14 0 3 19 3 0
