60
1 1 7 14 0 7 12 2
3 2 13 13 0 7 25 2
1 3 14 15 0 3 15 2
1 4 19 9 0 7 19 2
3 5 20 10 0 10 22 3
3 6 35 5 0 6 17 3
1 7 35 9 0 4 22 1
1 8 39 11 0 5 25 2
2 9 42 13 0 3 20 2
3 10 45 15 0 7 24 1
3 11 46 14 0 1 10 2
3 12 48 4 0 4 19 2
2 13 54 13 0 9 9 2
1 14 54 2 1 5 15 3
3 15 58 10 0 5 22 1
1 16 63 15 0 3 15 1
3 17 65 14 0 5 17 2
3 18 70 10 0 10 7 3
3 19 76 9 0 1 10 1
1 20 77 8 0 3 15 1
2 21 79 5 0 5 15 2
1 22 83 11 0 1 12 3
1 23 86 10 0 2 12 3
3 24 91 6 0 1 22 3
2 25 103 1 0 9 13 1
1 26 103 3 0 2 9 2
3 27 112 8 0 7 9 1
1 28 112 10 0 9 12 1
2 29 114 15 0 7 5 2
1 30 117 5 0 3 18 1
3 31 118 8 0 2 16 3
3 32 121 1 0 2 21 3
2 33 124 13 0 6 13 1
3 34 124 15 0 5 12 1
1 35 133 4 0 7 8 1
1 36 133 13 0 8 12 3
3 37 135 1 0 7 3 2
1 38 149 4 0 6 12 3
2 39 151 2 1 4 25 3
2 40 165 15 0 9 5 3
1 41 176 2 1 8 14 3
2 42 179 10 0 9 4 3
2 43 180 12 0 1 23 1
1 44 182 3 0 10 2 3
1 45 183 7 0 2 15 2
1 46 183 10 0 9 20 1
1 47 194 12 0 8 23 1
1 48 195 5 0 5 2 3
1 49 197 11 0 2 17 3
3 50 197 11 0 9 10 3
2 51 203 9 0 3 23 1
1 52 207 4 0 2 17 2
3 53 210 12 0 3 1 1
3 54 211 6 0 8 18 3
1 55 213 6 0 4 15 3
3 56 213 4 0 1 13 2
1 57 226 13 0 7 2 2
3 58 237 13 0 10 24 1
3 59 238 14 0 1 20 2
3 60 243 6 0 10 7 1
