60
2 1 3 8 0 2 17 1 0
3 2 5 12 0 8 2 2 0
3 3 9 15 0 7 15 1 0
3 4 12 11 0 6 21 3 0
3 5 20 9 0 9 18 1 0
1 6 20 6 0 8 9 1 0
2 7 24 13 0 3 8 3 0
2 8 25 11 0 2 24 3 0
2 9 33 3 0 9 9 3 0
1 10 36 2 1 6 15 3 0
2 11 37 1 0 2 4 1 0
3 12 41 9 0 6 22 2 0
3 13 42 14 0 6 16 3 0
2 14 44 4 0 3 10 1 0
2 15 47 1 0 8 10 3 0
1 16 48 1 0 7 22 2 0
1 17 51 4 0 2 24 2 0
2 18 55 11 0 10 22 2 0
1 19 57 13 0 3 16 3 0
2 20 58 9 0 3 13 2 0
3 21 59 4 0 5 11 3 0
3 22 65 4 0 3 19 1 0
1 23 66 4 0 3 2 2 0
3 24 66 14 0 5 22 2 0
2 25 75 12 0 4 13 3 0
3 26 75 13 0 2 8 2 0
1 27 77 8 0 8 21 1 0
2 28 79 13 0 4 4 1 0
3 29 79 14 0 7 20 2 0
1 30 87 2 1 5 12 1 0
3 31 89 3 0 3 2 1 0
3 32 91 7 0 4 10 2 0
3 33 98 7 0 1 17 2 0
1 34 104 8 0 1 20 3 0
1 35 108 7 0 8 12 3 0
1 36 109 7 0 5 21 2 0
2 37 110 12 0 9 18 1 0
3 38 118 15 0 7 1 2 0
2 39 123 1 0 8 22 2 0
2 40 137 3 0 4 14 1 0
2 41 138 9 0 1 8 3 0
1 42 174 2 1 8 1 3 0
2 43 176 1 0 1 8 3 0
3 44 181 5 0 3 14 2 0
2 45 190 15 0 2 25 1 0
3 46 192 8 0 10 18 1 0
2 47 198 15 0 1 25 2 0
2 48 201 8 0 2 2 1 0
1 49 206 10 0 6 6 2 0
2 50 208 3 0 6 13 3 0
3 51 212 15 0 5 11 3 0
3 52 216 15 0 4 23 1 0
2 53 231 12 0 9 8 1 0
3 54 231 2 1 5 14 1 0
3 55 238 4 0 9 8 1 0
1 56 239 8 0 10 18 3 0
1 57 242 12 0 6 23 1 0
2 58 243 6 0 9 22 3 0
1 59 245 4 0 6 21 2 0
1 60 245 9 0 9 12 3 0
